# v0 = 208.0, angle = 43.0
# time = 6.984375
0.0 3.0
2.3730354093076236 5.209639922998625
4.7368162187314695 7.4028626728740345
7.091378520282081 9.579732274953402
9.436758265214781 11.740312504871554
11.772991264578607 13.884666889544741
14.1001131897631 16.01285870814062
16.41815957304296 18.124950993044443
18.727165808120585 20.22100653082149
21.027167150666486 22.30108786317574
23.3181987188576 24.365257287904804
25.6002954939135 26.41357685985113
27.873492320630504 28.446108391849513
30.137823907913734 30.462913455670904
32.39332482930706 32.46405338296252
34.64002952352101 34.44958926618431
36.87797229495858 36.41958195954177
39.107187314239056 38.374092079915094
41.32770861871973 40.31318000778473
43.53957011301563 42.23690588815332
45.74280556951717 44.14532963146404
47.937448628905834 46.038510914515314
50.12353280066784 47.91650918137209
52.30109146360576 49.77938364427341
54.470157866348195 51.62719328453651
56.63076512785743 53.45999685345744
58.782946237935114 55.277852873208076
60.926734057725994 57.080819637729704
63.06216132021964 58.86895521362308
65.18926063075025 60.64231744103506
67.3080644674945 62.40096393454173
69.41860518196744 64.1449520840281
71.52091499951644 65.87433905556442
73.61502601981326 67.58918179227896
75.70097021734416 69.28953701522755
77.77877944189812 70.97546122425958
79.84848541905315 72.64701069888068
81.91011975066066 74.30424149911207
83.96371391532803 75.94720946634652
86.00929926889924 77.57597022420099
88.0469070449336 79.19057917936588
90.07656835518272 80.79109152245108
92.09831419006544 82.37756222882865
94.11217541914112 83.9500460594722
96.11818279158094 85.50859756179305
98.11636693663736 87.05327107047309
100.10675836411188 88.58412070829439
102.0893874648208 90.10120038696564
104.06428451105931 91.60456380794525
106.03147965706367 93.09426446326133
107.99100293947166 94.57035563632844
109.94288427778116 96.03289040276123
111.88715347480705 97.4819216311847
113.82384021713621 98.91750198404159
115.7529740755808 100.33968391839636
117.67458450562978 101.74851968673619
119.58870084789869 103.14406133776882
121.49535232857758 104.52636071721723
123.3945680598773 105.89546946861131
125.28637704047401 107.25143903407636
127.17080815595195 108.59432065511854
129.04789017924446 109.92416537340729
130.91765177107334 111.24102403155467
132.78012148038644 112.54494727389165
134.6353277447936 113.83598554724139
136.48329889100086 115.11418910168952
138.32406313524285 116.37960799135136
140.15764858371384 117.63229207513622
141.98408323299668 118.87229101750864
143.8033949704904 120.09965428924679
145.61561157483592 121.3144311681977
147.42076071634034 122.51667074002981
149.21886995739925 123.70642189898233
151.0099667529177 124.88373334861187
152.7940784507294 126.04865360253606
154.57123229201417 127.20123098517428
156.34145541171407 128.34151363248552
158.10477483894752 129.46954949270338
159.86121749742216 130.58538632706816
161.6108102058458 131.68907171055614
163.35357967833605 132.7806530326059
165.08955252482806 133.86017749784202
166.818755251481 134.92769212679576
168.54121426108264 135.98324375662304
170.25695585345252 137.02687904181957
171.96600622584353 138.05864445493322
173.6683914733419 139.07858628727357
175.36413758926562 140.08675064961875
177.0532704655614 141.0831834729195
178.73581589319994 142.06793050900043
180.41179956256974 143.04103733125865
182.08124706386934 144.00254933535956
183.74418388749808 144.9525117399301
185.40063542444534 145.890969587249
187.05062696667815 146.8179677439347
188.69418370752743 147.73355090163034
190.33133074207262 148.63776357768606
191.9620930675249 149.53065011583888
193.5864955836088 150.41225468688967
195.20456309294246 151.2826212893776
196.81632030141625 152.141793750252
198.4217918185701 152.9898157255414
200.02100215796918 153.82673070102032
201.6139757375782 154.65258199287302
203.2007368801343 155.46741274835506
204.78130981351833 156.27126594645202
206.3557186711249 157.0641843985357
207.92398749223074 157.84621074901793
209.48614022236188 158.61738747600157
211.04220071365916 159.37775689192912
212.59219272524246 160.12736114422884
214.13613992357352 160.86624221595824
215.67406588281722 161.5944419264451
217.20599408520155 162.3120019319261
218.73194792137622 163.01896372618265
220.2519506907697 163.71536864117468
221.76602560194502 164.4012578476716
223.27419577295422 165.0766723558809
224.7764842316912 165.74165301607445
226.2729139162434 166.3962405192121
227.763507675242 167.0404753975631
229.24828826821087 167.6743980253249
230.72727836591395 168.2980486192396
232.20050055070152 168.91146723920806
233.66797731685494 169.51469378890158
235.12973107093018 170.1077680163711
236.5857841320998 170.69072951465418
238.0361587324939 171.2636177223795
239.48087701753948 171.82647192436906
240.91996104629862 172.37933125223796
242.35343279180523 172.92223468499196
243.78131414140063 173.45522104962262
245.2036268970677 173.9783290217001
246.62039277576372 174.49159712596372
248.03163340975212 174.99506373691025
249.4373703469326 175.4887670793797
250.83762505117022 175.97274522913904
252.23241890262315 176.4470361134636
253.62177319806906 176.91167751171616
255.00570915123038 177.36670705592374
256.38424789309806 177.81216223135226
257.7574104722544 178.24808037707885
259.12521785519425 178.674498686562
260.4876909266453 179.09145420820943
261.8448504898869 179.49898384594377
263.19671726706764 179.8971243597661
264.5433118995219 180.2859123663172
265.88465494808486 180.66538433943657
267.2207668934065 181.0355766107194
268.5516681362644 181.39652537007134
269.8773789978751 181.74826666626106
271.19791972020437 182.0908364074706
272.5133104662765 182.42427036184367
273.82357132048185 182.74860415803192
275.12872228888375 183.06387328573874
276.42878329952396 183.37011309626126
277.7237742027267 183.66735880303014
279.01371477140214 183.95564548214713
280.2986247013479 184.23500807292075
281.57852361155 184.5054813783997
282.8534310444825 184.76710006590434
284.1233664664056 185.01989866755588
285.3883492676633 185.26391158080375
286.64839876297884 185.4991730689508
287.9035341917503 185.72571726167644
289.1537747183438 185.94357815555773
290.39913943238656 186.15278961458853
291.63964734905807 186.3533853706965
292.8753174093805 186.54539902425813
294.106168480508 186.7288640446119
295.3322193560147 186.90381377056914
296.55348875618165 187.07028141092323
297.7699953282827 187.22830004495657
298.98175764686914 187.37790262294564
300.18879421405353 187.51912196666422
301.3911234597919 187.6519907698844
302.5887637421654 187.77654159887592
303.78173334766035 187.89280689290325
304.9700504914478 188.00081896472102
306.1537333176614 188.10061000106737
307.33279989967446 188.19221206315538
308.50726824037594 188.27565708716264
309.6771562724454 188.35097688471885
310.84248185862674 188.4182031433915
312.0032627920009 188.4773674271698
313.1595167962576 188.52850117694655
314.311261525966 188.5716357109982
315.4585145668442 188.60680222546316
316.60129343602773 188.6340317948179
317.7396155823371 188.65335537235163
318.87349838654404 188.66480379063884
320.00295916163725 188.66840776201005
321.12801515308627 188.66419787902078
322.2486835391052 188.65220461491865
323.3649814309147 188.63245832410868
324.4769258730036 188.6049892426168
325.5845338433887 188.56982748855137
326.6878222538744 188.52700306256327
327.7868079503106 188.47654584830374
328.8815077128503 188.4184856128809
329.97193825620536 188.352852007314
331.05811622990205 188.27967456698642
332.1400582185352 188.19898271209644
333.2177807420213 188.11080574810651
334.2913002558509 188.01517286619077
335.3606331513397 187.91211314368067
336.425795755879 187.801655544509
337.48680433318486 187.68382891965214
338.5436750835465 187.55866200757052
339.5964241440736 187.42618343464747
340.6450675889428 187.28642171562632
341.68962142964307 187.13940525404573
342.7301016152201 186.98516234267342
343.76652403251995 186.8237211639382
344.7989045064316 186.65510979036017
345.82725880012845 186.47935618497948
346.8516026153092 186.29648820178318
347.87195159243754 186.10653358613058
348.8883213109808 185.9095199751769
349.90072728964805 185.7054748982952
350.9091849866269 185.49442577749676
351.91370979981957 185.27639992784978
352.91431706707806 185.0514245578964
353.91102206643825 184.81952677006825
354.90384001635323 184.5807335611001
355.8927860759256 184.33507182244222
356.87787534513905 184.08256834067092
357.8591228650888 183.82324979789755
358.8365436182114 183.55714277217592
359.8101525285133 183.28427373790805
360.77996446179884 183.0046690662485
361.7459942258972 182.71835502550695
362.70825657088864 182.4253577815493
363.66676618932945 182.12570339819723
364.62153771647644 181.8194178376261
365.5725857305104 181.50652696076142
366.51992475275875 181.18705652767366
367.4635692479171 180.8610321979716
368.40353362427027 180.5284795311942
369.33983223391215 180.18942398720063
370.27247937296494 179.8438909265593
371.20148928179736 179.49190561093494
372.1268761452422 179.13349320347422
373.04865409281274 178.76867876919016
373.96683719891865 178.39748727534473
374.8814394830807 178.01994359183004
375.79247491014513 177.63607249154816
376.69995739049654 177.24589865078934
377.6039007802704 176.84944664960872
378.50431888156476 176.44674097220175
379.40122544265074 176.03780600727794
380.2946341581827 175.62266604843327
381.1845586694072 175.2013452945212
382.07101256437124 174.773867850022
382.95400937812985 174.34025772541094
383.8335625929527 173.90053883752486
384.70968563853 173.4547350099273
385.58239189217744 173.00286997327234
386.4516946790406 172.54496736566682
387.31760727229823 172.0810507330314
388.1801428933651 171.61114352945998
389.03931471209376 171.13526911757788
389.8951358469757 170.65345076889847
390.7476193653415 170.16571166417862
391.5967782835606 169.67207489377253
392.44262556723976 169.17256345798435
393.2851741314213 168.66720026741936
394.1244368407801 168.15600814333376
394.9604265098202 167.63900981798318
395.7931559030702 167.1162279349697
396.6226377352785 166.5876850495876
397.44888467160706 166.05340362916786
398.27190932782514 165.51340605342105
399.0917242705017 164.96771461477914
399.9083420171973 164.41635151873584
400.7217750366554 163.8593388841857
401.5320357489925 163.29669874376177
402.3391365258879 162.72845304417206
403.1430896907726 162.15462364653462
403.9439075190176 161.5752323267113
404.74160223812095 160.99030077564032
405.5361860278948 160.3998505996674
406.3276710206513 159.80390332087566
407.1160693013877 159.2024803774143
407.90139290797106 158.5956031238259
408.6836538313219 157.98329283137238
409.46286401559746 157.36557068835995
410.2390353583738 156.74245780046252
411.0121797108278 156.113975191044
411.7823088779178 155.48014380147933
412.549434618564 154.84098449147413
413.3135686458281 154.19651803938328
414.074722627092 153.54676514252816
414.8329081842359 152.8917464175127
415.58813689381594 152.2314824005381
416.34042028724076 151.56599354771652
417.08976985094773 150.89530023538322
417.83619702657825 150.21942276040787
418.5797132111524 149.53838134050437
419.3203297572432 148.8521961145396
420.0580579731496 148.1608871428408
420.7929091230693 147.46447440750202
421.52489442727097 146.76297781268912
422.25402506226516 146.0564171849437
422.9803121609752 145.3448122734859
423.7037668129072 144.6281827505158
424.42440006431923 143.90654821151392
425.14222291839013 143.17992817554037
425.8572463353874 142.4483420855329
426.5694812328346 141.71180930860368
427.27893848567805 140.9703491363352
427.98562892645293 140.2239807850746
428.6895633454485 139.47272339622728
429.39075249087307 138.71659603654905
430.08920706901796 137.9556176984373
430.7849377444211 137.18980730022093
431.47795514002974 136.41918368644934
432.1682698373627 135.64376562818
432.85589237667193 134.86357182326518
433.54083325710354 134.07862089663737
434.2231029368579 133.28893140059375
434.90271183334954 132.49452181507937
435.5796703233661 131.69541054796932
436.2539887432267 130.89161593534988
436.92567738894 130.08315624179838
437.59474651636117 129.27004966066218
438.2612063413486 128.4523143143364
438.92506703991984 127.62996825454061
439.586338748407 126.80302946259452
440.2450315636115 125.97151584969248
440.90115554295835 125.13544525717697
441.55472070464947 124.29483545681104
442.20573702781684 123.44970415104967
442.85421445267485 122.60006897331
443.50016288067206 121.74594748824065
444.1435921746424 120.88735719198984
444.7845121589556 120.02431551247258
445.42293261966745 119.15683980963679
446.05886330466916 118.2849473757283
446.692313923836 117.40865543555492
447.3232941491758 116.52798114674945
447.9518136149765 115.64294160003166
448.5778819179533 114.75355381946919
449.20150861739506 113.85983476273755
449.8227032353106 112.96180132137901
450.44147525657365 112.05947032106053
451.057834129068 111.15285852183065
451.6717892638316 110.2419826183754
452.2833500352003 109.32685924027324
452.892525780951 108.40750495224889
453.4993258024442 107.48393625442634
454.103759364766 106.55616958258075
454.70583569686966 105.62422130838941
455.3055639917163 104.6881077396817
455.9029534064157 103.74784512068811
456.4980130623655 102.80344963228826
457.09075204539096 101.85493739225797
457.6811794058836 100.90232445551533
458.2693041589392 99.9456268143659
458.8551352844956 98.98486039874682
459.4386817274699 98.02004107647008
460.0199523978947 97.05118465346482
460.5989561710546 96.07830687401861
461.17570188762136 95.1014234210179
461.750198353789 94.12054991618744
462.32245434140833 93.13570192032884
462.8924785881207 92.14689493355814
463.46027979749164 91.15414439554249
464.02586663914366 90.15746568573586
464.58924774888857 89.15687412361393
465.1504317288594 88.15238496890794
465.7094271476417 87.14401342183771
466.2662425404044 86.13177462334374
466.82088640903015 85.11568365531838
467.3733672222451 84.0957555408361
467.92369341574823 83.0720052443829
468.4718733923401 82.04444767208479
469.0179155220513 81.01309767193537
469.5618281422699 79.97797003402258
470.1036195578693 78.93907949075447
470.64329804133456 77.8964407170842
471.18087183288884 76.85006833073409
471.71634914061934 75.79997689241878
472.2497381406026 74.74618090606762
472.78104697702906 73.68869481904606
473.3102837623279 72.62753302237631
473.8374565772905 71.562709850957
474.3625734711939 70.49423958378213
474.88564246192396 69.42213644415904
475.4066715360974 68.34641459992558
475.92566864918405 67.2670881636665
476.44264172562816 66.18417119292884
476.9575986589695 65.09767769043665
477.47054731196374 64.00762160430475
477.98149551670264 62.9140168282517
478.4904510747336 61.81687720181197
478.99742175717876 60.71621651054723
479.5024153048536 59.61204848625684
480.0054394283854 58.50438680718753
480.5065018083304 57.393245098242225
481.0056100952919 56.27863693118811
481.5027719100362 55.160575824863834
481.9979948436096 54.03907524538594
482.49128645745407 52.91414860635445
482.98265428352266 51.78580926905772
483.4721058243946 50.6540705426764
483.95964855338974 49.518945684486674
484.44528991468286 48.38044790006269
484.9290373234171 47.23859034347818
485.4108981658173 46.0933861175073
485.8908797993028 44.94484827382471
486.3689895525997 43.79298981320485
486.8452347258529 42.637823685720434
487.3196225907373 41.47936279094021
487.79216039056917 40.31761997812588
488.2628553404165 39.15260804642834
488.73171462720916 37.98433974508306
489.19874540984887 36.812827773604795
489.6639548193183 35.63808478198145
490.1273499587899 34.460123370867244
490.58893790373463 33.27895609177512
491.0487257020296 32.09459544726838
491.5067203740662 30.90705389115158
491.96292891285674 29.716343828660687
492.4173582841416 28.5224776166525
492.8700154264954 27.325467563793303
493.32090725143314 26.12532593074684
493.77004064351553 24.922064930361476
494.2174224604542 23.715696727856702
494.66305953321637 22.506233441008874
495.1069586661292 21.293687140336235
495.54912663698354 20.07806984928322
495.98957019713777 18.85939354440404
496.4282960716204 17.63767015554554
496.8653109592332 16.412911566029365
497.3006215326532 15.185129612833396
497.7342344385347 13.954336086772493
498.16615629761066 12.720542732678515
498.5963937047938 11.483761249579661
499.0249532292775 10.244003290879093
499.45184141463585 9.001280464532869
499.8770647789236 7.755604333227183
500.3006298147759 6.506986414554918
500.7225429895071 5.255438181191496
501.1428107452097 4.000971061070061
501.5614394988529 2.7435964375559596
501.9784356423801 1.4833256496205611
502.39380554280683 0.22016999201438203
